Aug 2, 2019 Minimum Line Distance: 0.000000 Maximum Line Distance: 710.000000 Revulsion Value: 78.704498 Angle Avoidance Range (Min): 0.000000 Angle Avoidance Range (Max): 29.146206
	@"0.152,0.432,0.298,0.406,0.269,0.644,0.589,0.549,0.450,0.316,0.720,0.010,0.408,0.045,0.029,0.208,0.058,0.619,0.381,0.865,0.610,0.656,0.784,0.415,0.848,0.753",
	@"0.282,0.521,0.061,0.653,0.229,0.665,0.464,0.768,0.408,0.243,0.197,0.173,0.066,0.127,0.192,0.015,0.738,0.113,0.634,0.553,0.794,0.542,0.656,0.819,0.610,0.698",
	@"0.768,0.380,0.474,0.406,0.416,0.287,0.760,0.028,0.026,0.131,0.122,0.253,0.282,0.525,0.485,0.684,0.725,0.528,0.725,0.807,0.264,0.746,0.170,0.653,0.032,0.330",
	@"0.418,0.336,0.536,0.514,0.458,0.623,0.202,0.647,0.493,0.896,0.552,0.747,0.704,0.238,0.693,0.087,0.482,0.073,0.298,0.245,0.040,0.413,0.045,0.583,0.285,0.542",
	@"0.277,0.343,0.360,0.604,0.106,0.593,0.053,0.427,0.101,0.295,0.354,0.066,0.405,0.259,0.506,0.605,0.632,0.831,0.786,0.870,0.416,0.889,0.229,0.672,0.152,0.802",
	@"0.296,0.605,0.189,0.739,0.341,0.879,0.546,0.238,0.610,0.520,0.480,0.707,0.560,0.837,0.693,0.733,0.832,0.537,0.578,0.129,0.280,0.070,0.306,0.411,0.106,0.246",
	@"0.576,0.504,0.360,0.760,0.112,0.507,0.242,0.295,0.376,0.569,0.456,0.288,0.274,0.080,0.485,0.169,0.746,0.075,0.821,0.767,0.776,0.886,0.562,0.709,0.429,0.898",
	@"0.322,0.211,0.090,0.297,0.312,0.301,0.616,0.528,0.242,0.404,0.040,0.451,0.226,0.602,0.501,0.908,0.642,0.691,0.770,0.320,0.666,0.378,0.685,0.064,0.149,0.028",
	@"0.821,0.068,0.818,0.611,0.245,0.718,0.418,0.747,0.597,0.739,0.666,0.873,0.037,0.831,0.013,0.015,0.282,0.446,0.560,0.318,0.498,0.157,0.664,0.248,0.642,0.504",
	@"0.688,0.667,0.589,0.448,0.237,0.788,0.160,0.612,0.085,0.903,0.093,0.346,0.045,0.231,0.226,0.334,0.258,0.474,0.813,0.266,0.858,0.908,0.656,0.786,0.474,0.796",
	@"0.786,0.772,0.285,0.556,0.482,0.446,0.250,0.429,0.133,0.148,0.493,0.330,0.434,0.115,0.653,0.267,0.696,0.103,0.853,0.071,0.861,0.896,0.410,0.880,0.189,0.852",
	@"0.440,0.817,0.701,0.178,0.802,0.108,0.098,0.036,0.157,0.290,0.018,0.434,0.058,0.707,0.357,0.309,0.112,0.893,0.626,0.884,0.581,0.742,0.757,0.544,0.856,0.628",
	@"0.608,0.826,0.533,0.656,0.728,0.751,0.536,0.355,0.421,0.760,0.293,0.690,0.514,0.229,0.800,0.415,0.760,0.308,0.858,0.014,0.224,0.201,0.136,0.345,0.090,0.602",
	@"0.768,0.147,0.304,0.052,0.320,0.166,0.773,0.297,0.405,0.665,0.221,0.448,0.229,0.749,0.842,0.861,0.232,0.903,0.096,0.900,0.058,0.341,0.114,0.173,0.448,0.397",
	@"0.288,0.700,0.122,0.486,0.797,0.304,0.178,0.315,0.520,0.206,0.021,0.050,0.061,0.716,0.208,0.770,0.541,0.866,0.842,0.833,0.749,0.464,0.480,0.721,0.672,0.677",
	@"0.621,0.241,0.256,0.236,0.346,0.681,0.098,0.458,0.165,0.134,0.357,0.133,0.416,0.045,0.816,0.218,0.826,0.635,0.645,0.716,0.469,0.632,0.690,0.450,0.405,0.348",
	@"0.829,0.474,0.432,0.513,0.512,0.630,0.474,0.746,0.298,0.460,0.282,0.350,0.714,0.192,0.362,0.239,0.458,0.110,0.168,0.092,0.245,0.744,0.128,0.873,0.672,0.810",
	@"0.400,0.516,0.410,0.299,0.368,0.040,0.704,0.059,0.634,0.450,0.554,0.716,0.802,0.488,0.666,0.859,0.413,0.714,0.141,0.866,0.229,0.740,0.077,0.367,0.042,0.588",
	@"0.224,0.718,0.536,0.383,0.285,0.276,0.298,0.143,0.698,0.147,0.392,0.057,0.202,0.059,0.045,0.478,0.168,0.593,0.120,0.882,0.688,0.462,0.680,0.800,0.565,0.905",
	@"0.445,0.241,0.434,0.590,0.232,0.814,0.229,0.653,0.336,0.341,0.312,0.192,0.072,0.208,0.418,0.068,0.621,0.311,0.677,0.579,0.530,0.523,0.714,0.898,0.834,0.824",
	@"0.296,0.471,0.554,0.502,0.264,0.681,0.533,0.642,0.802,0.704,0.621,0.749,0.213,0.763,0.093,0.371,0.722,0.105,0.053,0.278,0.117,0.180,0.864,0.014,0.749,0.281",
	@"0.658,0.413,0.472,0.676,0.656,0.891,0.789,0.334,0.581,0.304,0.802,0.159,0.312,0.245,0.112,0.042,0.170,0.471,0.328,0.423,0.341,0.744,0.085,0.782,0.085,0.392",
	@"0.333,0.581,0.320,0.152,0.488,0.471,0.557,0.253,0.560,0.091,0.176,0.054,0.858,0.014,0.709,0.369,0.784,0.602,0.562,0.726,0.189,0.833,0.018,0.248,0.056,0.098",
	@"0.202,0.462,0.677,0.422,0.440,0.278,0.298,0.383,0.069,0.169,0.048,0.553,0.592,0.886,0.448,0.623,0.848,0.709,0.781,0.313,0.592,0.194,0.330,0.070,0.298,0.231",
	@"0.541,0.309,0.240,0.500,0.706,0.411,0.424,0.718,0.458,0.831,0.698,0.901,0.712,0.716,0.810,0.584,0.749,0.115,0.186,0.075,0.029,0.105,0.085,0.367,0.282,0.742",
	@"0.520,0.397,0.730,0.579,0.336,0.654,0.408,0.521,0.250,0.380,0.213,0.879,0.141,0.749,0.037,0.292,0.285,0.203,0.666,0.071,0.853,0.451,0.842,0.637,0.525,0.747",
	@"0.416,0.609,0.229,0.544,0.725,0.119,0.557,0.767,0.688,0.555,0.730,0.711,0.848,0.887,0.317,0.868,0.090,0.849,0.061,0.098,0.192,0.420,0.261,0.194,0.469,0.231",
	@"0.429,0.492,0.272,0.276,0.498,0.348,0.536,0.197,0.258,0.008,0.058,0.189,0.045,0.395,0.157,0.567,0.658,0.709,0.728,0.835,0.802,0.586,0.605,0.502,0.650,0.274",
	@"0.386,0.458,0.357,0.733,0.776,0.733,0.765,0.406,0.549,0.674,0.832,0.015,0.098,0.028,0.162,0.290,0.557,0.248,0.021,0.399,0.224,0.448,0.138,0.520,0.072,0.845",
	@"0.813,0.096,0.258,0.180,0.213,0.073,0.421,0.010,0.018,0.035,0.264,0.577,0.608,0.355,0.482,0.255,0.674,0.187,0.778,0.723,0.240,0.898,0.413,0.683,0.634,0.670",
	@"0.312,0.511,0.656,0.394,0.682,0.126,0.525,0.057,0.336,0.269,0.141,0.453,0.336,0.900,0.621,0.908,0.642,0.716,0.402,0.632,0.482,0.551,0.776,0.653,0.816,0.192",
	@"0.082,0.894,0.536,0.739,0.760,0.861,0.856,0.693,0.085,0.555,0.256,0.343,0.424,0.243,0.370,0.420,0.712,0.380,0.818,0.591,0.802,0.315,0.213,0.047,0.706,0.089",
	@"0.322,0.716,0.218,0.525,0.429,0.532,0.578,0.649,0.808,0.723,0.682,0.768,0.469,0.770,0.080,0.875,0.045,0.623,0.274,0.010,0.360,0.434,0.696,0.274,0.845,0.444",
	@"0.645,0.607,0.026,0.059,0.370,0.008,0.368,0.155,0.552,0.099,0.760,0.406,0.728,0.905,0.021,0.873,0.648,0.753,0.090,0.245,0.085,0.360,0.064,0.721,0.229,0.761",
	@"0.354,0.506,0.514,0.478,0.805,0.718,0.472,0.880,0.202,0.670,0.202,0.544,0.464,0.201,0.546,0.357,0.741,0.350,0.517,0.119,0.210,0.222,0.053,0.367,0.058,0.548",
	@"0.544,0.288,0.082,0.232,0.066,0.870,0.845,0.887,0.320,0.653,0.330,0.429,0.205,0.364,0.488,0.374,0.448,0.516,0.770,0.190,0.637,0.197,0.525,0.057,0.709,0.054",
	@"0.314,0.185,0.488,0.700,0.568,0.359,0.594,0.891,0.850,0.786,0.693,0.646,0.797,0.516,0.821,0.406,0.293,0.015,0.141,0.036,0.026,0.092,0.280,0.418,0.370,0.819",
	@"0.680,0.711,0.856,0.880,0.717,0.889,0.429,0.649,0.448,0.189,0.258,0.656,0.082,0.893,0.016,0.427,0.106,0.071,0.712,0.038,0.640,0.288,0.749,0.507,0.800,0.294",
	@"0.714,0.686,0.554,0.507,0.432,0.383,0.040,0.295,0.357,0.246,0.797,0.215,0.488,0.294,0.829,0.411,0.760,0.866,0.453,0.788,0.445,0.609,0.029,0.887,0.096,0.749",
	@"0.138,0.784,0.117,0.141,0.258,0.255,0.189,0.350,0.453,0.338,0.552,0.509,0.666,0.444,0.597,0.274,0.184,0.047,0.805,0.232,0.792,0.542,0.293,0.870,0.584,0.856",
	@"0.466,0.176,0.618,0.562,0.413,0.364,0.130,0.520,0.674,0.865,0.125,0.852,0.304,0.770,0.053,0.711,0.056,0.352,0.218,0.278,0.050,0.147,0.352,0.106,0.730,0.154",
	@"0.746,0.786,0.672,0.676,0.512,0.525,0.704,0.506,0.864,0.865,0.856,0.416,0.474,0.250,0.405,0.593,0.349,0.676,0.282,0.882,0.280,0.385,0.061,0.162,0.200,0.031",
	@"0.346,0.854,0.160,0.511,0.440,0.579,0.509,0.309,0.266,0.010,0.786,0.012,0.837,0.366,0.773,0.716,0.557,0.406,0.554,0.908,0.032,0.880,0.088,0.434,0.218,0.196",
